0
8.8196 14.2165 0 0
5.24 8.57 0 0
6.534 8.6391 0 0
6.7666 12.6488 0 0
16.2334 7.122 0 0
13.5586 6.3302 0 0
7.4034 2.6517 0 0
6.6001 2.4656 0 0
14.3285 12.2172 0 0
15.0168 3.6276 0 0
6.4809 18.425 0 0
18.2258 5.1042 0 0
12.2479 2.0223 0 0
3.0952 8.7655 0 0
1.3384 2.36 0 0
12.578 15.9696 0 0
16.5122 7.1219 0 0
9.7443 14.2851 0 0
15.3542 8.692 0 0
0.4951 19.7227 0 0
15.7719 13.672 0 0
12.4627 10.4858 0 0
16.7186 9.403 0 0
19.4708 6.458 0 0
17.6436 14.4268 0 0
0.5225 12.039 0 0
15.3862 4.3097 0 0
19.4258 12.5768 0 0
17.9694 0.7194 0 0
0.0421 11.9912 0 0
13.4819 3.0128 0 0
14.8847 14.401 0 0
18.8877 10.3388 0 0
18.9591 17.2102 0 0
0.5478 2.9323 0 0
4.1964 18.738 0 0
14.0503 1.189 0 0
4.5705 11.0355 0 0
16.9912 13.4902 0 0
19.8487 8.4313 0 0
7.4301 12.4689 0 0
1.1896 19.6681 0 0
1.8461 15.7804 0 0
2.5052 6.5039 0 0
17.4267 16.8368 0 0
8.9174 10.2779 0 0
17.1111 12.0652 0 0
17.24 18.2119 0 0
13.9209 15.5762 0 0
15.4766 6.6683 0 0
18.4185 6.4069 0 0
19.6456 4.7182 0 0
17.7904 2.0458 0 0
5.0387 19.2642 0 0
2.0184 10.6702 0 0
11.9689 3.1831 0 0
16.6926 9.2627 0 0
14.0197 5.3994 0 0
1.2981 14.7154 0 0
10.5061 15.0248 0 0
14.2848 9.9431 0 0
4.4494 3.7565 0 0
3.0147 14.4166 0 0
17.392 11.226 0 0
6.1875 12.5704 0 0
9.7853 19.2306 0 0
0.1476 19.9188 0 0
3.8221 18.6922 0 0
10.4633 10.5362 0 0
13.1245 15.1716 0 0
8.5468 18.1411 0 0
6.5935 3.2763 0 0
4.3159 0.7544 0 0
2.2055 11.0656 0 0
12.8893 2.4888 0 0
14.1887 4.2879 0 0
9.0404 3.8319 0 0
7.6887 11.9595 0 0
18.9724 1.5725 0 0
11.8859 14.6361 0 0
11.1376 12.9651 0 0
0.6375 14.891 0 0
12.7212 16.4045 0 0
7.7337 16.9312 0 0
5.8926 13.8741 0 0
8.4905 14.9246 0 0
13.5389 0.2556 0 0
14.1251 8.8717 0 0
4.0727 13.554 0 0
4.3816 5.0077 0 0
16.2801 14.9362 0 0
7.8969 10.2846 0 0
15.0336 13.8787 0 0
12.9907 17.6063 0 0
13.6292 14.9876 0 0
9.0153 14.8987 0 0
7.9265 8.0327 0 0
16.6992 13.0637 0 0
12.1078 1.952 0 0
9.3992 18.7424 0 0
19.9364 11.0852 0 0
6.5414 1.8601 0 0
17.6676 14.1258 0 0
5.7687 0.4854 0 0
2.2316 10.1103 0 0
15.951 4.6429 0 0
1.6612 0.6445 0 0
17.5217 7.1802 0 0
0.4047 5.9443 0 0
3.6325 7.1997 0 0
0.7697 18.4883 0 0
14.0379 14.1191 0 0
18.0919 1.7821 0 0
18.389 17.5027 0 0
11.5332 15.616 0 0
3.522 19.4282 0 0
17.0548 14.9013 0 0
19.3608 13.7017 0 0
0.955 18.7081 0 0
13.7992 9.8518 0 0
12.0233 19.1419 0 0
6.2193 16.3147 0 0
12.2364 10.0389 0 0
14.3802 1.2531 0 0
4.0662 19.1111 0 0
17.8191 16.1875 0 0
15.3217 19.1713 0 0
10.3996 19.4159 0 0
19.5049 2.8124 0 0
7.072 3.3157 0 0
0.6071 11.1637 0 0
16.5386 6.6806 0 0
0.2355 1.1401 0 0
4.639 18.275 0 0
14.636 18.6868 0 0
5.9902 5.8891 0 0
2.5105 8.582 0 0
3.2265 19.8017 0 0
1.1888 1.1411 0 0
9.9454 18.1753 0 0
9.2314 12.889 0 0
17.7961 18.7488 0 0
17.0629 14.6071 0 0
9.97 6.6592 0 0
8.1538 14.4292 0 0
13.3656 8.6565 0 0
4.3957 18.9982 0 0
8.6229 11.3675 0 0
3.0418 15.8381 0 0
3.476 0.191 0 0
11.8766 18.9239 0 0
1.0591 9.4637 0 0
12.6651 1.9774 0 0
9.7342 1.0969 0 0
2.9471 5.5616 0 0
1.0429 7.4598 0 0
5.1966 19.579 0 0
13.8104 11.0587 0 0
8.7702 4.5784 0 0
13.8419 4.6776 0 0
14.8416 18.4309 0 0
0.3824 1.1402 0 0
17.1477 1.1788 0 0
6.5013 15.7659 0 0
14.5233 8.3123 0 0
0.982 4.9504 0 0
12.8426 6.274 0 0
4.8888 14.3246 0 0
3.3508 2.1771 0 0
11.3452 15.3165 0 0
5.4629 0.1465 0 0
17.9805 19.4565 0 0
19.4712 12.9766 0 0
6.6331 13.4977 0 0
7.8407 13.9482 0 0
14.8973 7.7908 0 0
3.0283 15.3352 0 0
14.1281 15.6082 0 0
2.4435 19.1726 0 0
6.7231 1.2632 0 0
8.8197 18.9824 0 0
8.1013 17.0444 0 0
18.681 12.6263 0 0
15.0986 10.2194 0 0
14.4114 10.8758 0 0
16.641 2.4523 0 0
3.196 2.263 0 0
15.6749 18.8519 0 0
8.6607 2.2514 0 0
12.646 1.3798 0 0
16.2498 4.4444 0 0
13.7695 1.1397 0 0
18.0933 15.2536 0 0
11.657 10.4746 0 0
13.6085 12.6898 0 0
1.7509 15.6179 0 0
16.9412 13.0372 0 0
10.8412 7.738 0 0
16.7094 18.9051 0 0
12.9921 18.8849 0 0
8.3113 12.5774 0 0
12.5958 3.3055 0 0
4.5287 13.391 0 0
19.2255 4.4911 0 0
4.2748 2.819 0 0
1.4254 4.1353 0 0
16.2329 15.5328 0 0
13.67 4.5553 0 0
4.3123 12.7554 0 0
16.4102 13.1037 0 0
7.9102 5.2287 0 0
15.2162 4.956 0 0
18.0951 8.1885 0 0
0.4118 18.7119 0 0
3.8107 5.4264 0 0
9.3365 10.3404 0 0
4.7509 11.0076 0 0
11.0108 10.2163 0 0
1.6042 15.8121 0 0
3.2212 6.0888 0 0
7.2985 14.018 0 0
2.8703 19.1851 0 0
4.9817 13.5094 0 0
8.8007 7.1929 0 0
9.4012 10.9285 0 0
11.7648 17.7758 0 0
10.2045 15.6486 0 0
7.6458 0.7002 0 0
19.5033 13.0666 0 0
17.1573 2.8816 0 0
3.2082 13.3248 0 0
1.0209 16.4667 0 0
12.1841 4.8995 0 0
8.1179 6.1642 0 0
14.2428 6.4206 0 0
14.328 2.4913 0 0
2.5664 12.5103 0 0
8.9808 5.374 0 0
2.2651 6.3099 0 0
0.1321 8.2703 0 0
15.5297 13.6165 0 0
8.8218 16.4321 0 0
16.0804 11.897 0 0
19.2762 9.9313 0 0
18.4796 19.2807 0 0
12.787 1.5347 0 0
15.3621 15.1481 0 0
0.4237 16.1765 0 0
0.6725 3.2749 0 0
7.041 12.7041 0 0
5.9769 7.4025 0 0
18.2173 17.7656 0 0
2.1591 15.605 0 0
7.7509 16.113 0 0
4.9667 0.4404 0 0
15.1643 4.015 0 0
8.5818 18.4288 0 0
0.5803 3.2292 0 0
7.8994 18.8547 0 0
4.4638 2.7143 0 0
11.1365 8.8469 0 0
12.0337 14.6614 0 0
13.5759 12.0153 0 0
19.226 11.6303 0 0
16.1658 1.6991 0 0
16.9539 4.6234 0 0
15.2554 11.4877 0 0
0.8898 9.8699 0 0
4.2945 13.8453 0 0
7.937 12.9465 0 0
17.6055 0.5692 0 0
9.2092 14.275 0 0
16.2346 12.978 0 0
15.6346 8.9835 0 0
6.1554 16.582 0 0
13.7006 18.4463 0 0
16.3219 8.9562 0 0
19.2833 2.5441 0 0
4.6659 12.1419 0 0
2.5422 14.5499 0 0
11.513 13.6122 0 0
8.8898 2.4568 0 0
7.3642 6.8664 0 0
5.8181 10.0405 0 0
15.4119 15.7164 0 0
12.7741 7.0033 0 0
1.1481 11.4942 0 0
9.9862 9.6835 0 0
7.6339 9.7444 0 0
12.6056 1.4073 0 0
0.1037 18.7831 0 0
4.6341 10.4504 0 0
8.5243 4.6363 0 0
17.2776 1.6296 0 0
0.0918 19.3117 0 0
1.2933 13.7515 0 0
8.2348 1.4755 0 0
0.5538 14.724 0 0
7.4122 6.8355 0 0
1.0552 16.5449 0 0
18.8152 6.7437 0 0
2.7854 16.6027 0 0
5.7671 9.0378 0 0
5.199 19.1019 0 0
11.4772 6.2398 0 0
8.1205 13.1873 0 0
17.1486 17.2386 0 0
18.4063 12.6013 0 0
14.587 11.5628 0 0
14.1757 0.5264 0 0
19.9462 4.3281 0 0
14.1129 13.5577 0 0
12.9321 4.2309 0 0
6.1497 0.507 0 0
8.3754 8.9211 0 0
1.4285 15.1021 0 0
4.1875 19.2005 0 0
8.9662 14.3325 0 0
1.2805 16.234 0 0
12.5411 17.2727 0 0
7.8793 12.2922 0 0
19.4688 8.0421 0 0
17.1796 9.4091 0 0
10.9129 3.6713 0 0
6.0221 12.4459 0 0
19.7413 4.8543 0 0
2.1634 7.2487 0 0
1.0382 19.3907 0 0
17.5669 8.4616 0 0
7.9987 1.8044 0 0
6.2512 12.6025 0 0
5.0158 16.2921 0 0
13.5899 15.5605 0 0
5.7642 15.8703 0 0
14.2349 10.004 0 0
6.4449 5.9949 0 0
18.6221 9.716 0 0
0.9353 15.7213 0 0
12.0798 3.5795 0 0
17.2077 17.5301 0 0
19.807 6.6087 0 0
13.5018 13.9084 0 0
14.1596 18.0227 0 0
7.4435 9.4157 0 0
18.843 17.8684 0 0
9.3844 1.7113 0 0
5.707 10.026 0 0
19.0253 15.7254 0 0
7.677 15.6253 0 0
13.7951 2.2206 0 0
13.4596 9.5882 0 0
12.1628 5.7812 0 0
17.2412 0.9483 0 0
9.3315 2.9042 0 0
7.3866 3.4618 0 0
10.9127 0.0399 0 0
13.6463 9.7067 0 0
19.2681 3.2135 0 0
11.913 18.0012 0 0
17.308 3.6825 0 0
12.902 1.8471 0 0
14.0609 1.9452 0 0
6.5612 8.1053 0 0
9.0554 10.4007 0 0
9.3161 7.0326 0 0
14.3983 7.7884 0 0
13.8768 14.2844 0 0
19.6923 3.2116 0 0
5.9979 2.3624 0 0
2.0793 13.7824 0 0
8.2095 10.9725 0 0
3.6501 1.9617 0 0
8.8808 12.9502 0 0
0.9851 19.1635 0 0
15.6068 9.11 0 0
19.2062 17.044 0 0
6.9303 15.1313 0 0
0.7389 17.054 0 0
18.4722 14.9969 0 0
14.5667 18.6409 0 0
4.3597 17.7083 0 0
3.8986 19.9757 0 0
16.6994 19.8838 0 0
19.9781 15.1086 0 0
3.6025 16.369 0 0
3.735 15.8269 0 0
12.2388 1.6087 0 0
4.5465 14.5597 0 0
5.0391 14.7373 0 0
0.0311 0.5046 0 0
5.2545 13.3439 0 0
12.5028 6.4593 0 0
16.4777 12.2751 0 0
0.9121 13.5307 0 0
8.2194 11.3243 0 0
12.6672 10.7372 0 0
6.6783 15.8826 0 0
6.5801 13.1272 0 0
5.6743 16.7264 0 0
9.17 9.1371 0 0
15.5648 8.732 0 0
13.339 9.2237 0 0
6.4239 3.6293 0 0
12.0287 1.6568 0 0
18.2936 14.2942 0 0
15.2991 7.7811 0 0
19.9169 1.2705 0 0
8.583 12.0346 0 0
17.3532 3.7356 0 0
13.101 17.889 0 0
16.0038 18.2113 0 0
4.2542 3.7358 0 0
1.5131 11.126 0 0
18.472 9.5409 0 0
9.7815 9.394 0 0
18.6973 8.0299 0 0
14.1138 0.7597 0 0
9.9337 4.3669 0 0
7.3922 12.6795 0 0
12.6026 10.2989 0 0
18.4122 16.184 0 0
12.7081 10.2258 0 0
0.3885 3.0479 0 0
1.4669 7.1466 0 0
8.3869 17.9872 0 0
13.4453 1.3681 0 0
6.3005 18.6469 0 0
8.2811 5.3148 0 0
0.1662 0.7816 0 0
19.3023 4.1863 0 0
16.2859 18.2072 0 0
8.9844 3.6182 0 0
3.0693 2.0975 0 0
12.7478 12.6851 0 0
1.1876 3.2551 0 0
16.0655 14.8241 0 0
9.0333 9.7709 0 0
2.5924 5.3728 0 0
3.494 16.9679 0 0
13.2411 4.9527 0 0
1.0445 15.1923 0 0
3.8431 12.4024 0 0
1.3633 4.0043 0 0
1.3633 6.4067 0 0
13.7458 10.9237 0 0
8.2745 3.198 0 0
9.8484 10.386 0 0
17.9861 11.7497 0 0
4.9433 7.4901 0 0
15.2787 14.6055 0 0
19.4907 1.7961 0 0
17.7625 16.3818 0 0
0.6766 12.1964 0 0
5.3026 8.3112 0 0
13.3076 6.6878 0 0
17.9422 12.757 0 0
6.369 3.1407 0 0
13.8221 0.4228 0 0
14.1454 2.4536 0 0
15.819 3.081 0 0
19.8933 17.8087 0 0
17.7135 3.154 0 0
1.4463 16.9453 0 0
9.9969 0.2756 0 0
12.5535 3.7072 0 0
2.6102 5.9406 0 0
3.6554 3.3027 0 0
10.1202 1.0687 0 0
6.3479 12.0088 0 0
17.8643 4.3286 0 0
4.2827 19.708 0 0
19.6659 10.7858 0 0
9.8066 6.3442 0 0
11.9827 11.9302 0 0
12.5887 10.3185 0 0
14.4062 12.6091 0 0
15.4987 17.8324 0 0
2.2798 1.7613 0 0
4.9914 11.9594 0 0
4.0647 17.5022 0 0
12.4164 5.4771 0 0
12.2531 19.5423 0 0
16.616 14.5631 0 0
11.3824 4.6923 0 0
3.4188 5.8857 0 0
19.0885 19.8166 0 0
12.8386 2.6728 0 0
3.1218 0.2401 0 0
8.5299 6.0327 0 0
1.3163 5.9822 0 0
2.6555 13.098 0 0
3.3037 0.6772 0 0
1.4701 9.5732 0 0
19.2121 15.0347 0 0
14.6213 6.9788 0 0
10.664 19.1178 0 0
1.9872 13.0898 0 0
19.2321 0.3975 0 0
16.5933 4.6588 0 0
19.1284 15.1111 0 0