1->3,7,13,18,149,21,50,55,58,63,68,69,74,89,91,96,101,104,111,115,116
2->135,136,138,142,22,34,36,38,39,43,50,55,58,61,68,69,77,89,91,111
3->1,7,140,15,146,18,149,21,32,42,50,55,63,66,68,69,74,89,96,98,106,115,116,117
4->34,99,132,38,135,39,11,142,143,20,24
5->64,35,6,105,107,144,112,16,19,53,56,57,26,28,31
6->5,13,16,19,31,35,47,53,56,57,60,64,75,92,104,105,107,110,112,119
7->1,3,140,13,18,149,21,50,55,58,63,68,69,74,89,91,96,101,104,111,115,116
8->134,14,150,25,29,31,37,46,47,49,60,75,81,85,92,105,119,121,123,124,125
9->33,66,102,103,10,76,109,45,79,15,17,146,23
10->33,66,71,9,76,109,45,79,146,83,114,82,118
11->99,132,4,38,39,40,143,80,113,88,24,61,127
12->131,137,141,27,42,44,48,52,54,67,71,82,83,94,97,100,106,118,120
13->129,1,6,7,138,16,18,19,149,47,50,56,57,58,60,65,74,89,91,96,101,104,105,107,110,111,115,117
14->8,19,149,21,42,47,49,60,74,75,81,92,94,98,105,107,115,117,119,120
15->3,9,17,146,23,33,45,55,63,66,68,69,70,76,79,102,103,109,116
16->129,5,6,138,13,18,19,22,35,56,57,58,65,91,101,104,107,110,111,112
17->33,66,102,103,9,76,109,45,79,15,146,23
18->1,3,7,140,13,16,149,21,50,55,58,60,68,74,89,91,96,98,101,104,111,115,116,117
19->5,6,13,14,16,31,35,47,49,53,57,60,64,75,92,104,105,107,110,112,119
20->34,99,36,4,38,135,136,39,77,142,143
21->1,3,7,140,14,18,149,32,42,47,60,74,81,94,96,98,106,115,116,117,119,120
22->129,65,56,2,101,39,104,138,43,108,110,111,16,113,88,58,91,61
23->33,66,68,69,102,103,70,9,76,109,45,79,15,17,146,116,55,63
24->99,132,4,38,11,143,80,127
25->37,134,72,8,46,145,29,93,150,122,123,125
26->64,130,35,5,139,78,144,112,147,148,53,86,87,30,57,59,28,62
27->128,131,137,12,141,42,44,48,52,54,67,71,82,83,94,97,98,100,120,121,126
28->64,130,35,5,139,78,112,147,148,53,86,87,30,26,59,62
29->128,131,134,8,141,145,150,25,37,46,48,49,67,72,84,93,97,100,121,123,125,126
30->130,41,139,78,147,148,86,87,26,59,28,62
31->64,37,6,5,8,105,75,78,92,46,51,19,85,124,125,62
32->3,137,140,146,149,21,33,42,45,54,66,71,74,76,82,83,94,98,106,114,115,116,118,120
33->32,66,102,103,9,106,10,76,109,45,79,15,17,146,114,116,23
34->2,99,132,36,38,135,136,39,4,77,142,143,20
35->64,129,65,133,6,5,110,144,112,16,19,53,56,57,26,28
36->34,2,68,69,102,103,136,135,70,77,142,20,63
37->134,8,150,25,29,31,46,47,49,51,75,81,85,92,93,105,119,121,123,124,125
38->34,99,132,4,2,39,43,11,142,143,80,20,88,24,61,127
39->2,132,4,135,136,11,142,143,20,22,34,38,43,58,61,77,91,99,111
40->132,73,11,108,80,113,88,90,61,127
41->130,139,147,148,87,30
42->3,137,140,12,14,149,21,27,32,44,47,48,49,60,71,74,81,82,83,94,98,106,115,116,117,119,120
43->129,65,2,101,38,39,104,138,108,110,111,113,22,88,58,91,61
44->128,97,131,100,67,137,42,12,141,48,84,52,54,94,120,121,27,126
45->9,10,140,15,17,146,23,32,33,66,71,76,79,82,83,106,109,114,116
46->37,134,8,75,49,29,51,93,85,150,25,123,124,125,31
47->6,8,13,14,19,149,21,37,42,49,60,74,75,81,92,94,98,105,107,115,117,119,120
48->128,131,137,12,141,27,29,42,44,52,54,67,81,84,94,97,100,120,121,126
49->8,14,19,150,29,37,42,46,47,60,75,81,92,105,107,117,119,121,125
50->1,2,3,7,13,18,149,55,58,63,68,69,74,89,91,96,101,104,111,115,116
51->37,78,46,85,124,125,62,31
52->128,97,131,100,67,137,44,141,12,48,84,54,120,27,126
53->64,130,35,5,6,139,144,112,19,148,87,56,57,26,59,28
54->32,71,137,106,44,12,48,82,83,52,118,120,27,94
55->1,2,3,7,136,15,18,149,23,50,58,63,68,69,70,89,91,96,101,103,111,116
56->129,133,6,5,138,13,144,16,22,35,53,57,65,101,104,108,110,112,113
57->64,65,35,5,6,104,105,107,13,110,112,16,19,53,56,26
58->129,2,1,7,138,13,16,18,22,39,43,50,55,61,65,68,89,91,96,101,104,110,111,113
59->64,130,139,78,147,148,53,86,87,30,26,28,62
60->6,8,13,14,18,19,149,21,42,47,49,74,75,81,92,94,98,104,105,107,115,117,119
61->129,2,132,138,11,22,38,39,40,43,58,65,80,88,91,108,111,113,127
62->64,130,28,78,147,148,51,86,26,59,124,30,31
63->1,3,7,136,142,15,23,36,50,55,68,69,70,77,89,96,102,103,116
64->35,5,6,105,107,28,78,112,19,53,57,26,59,124,62,31
65->129,35,101,104,138,43,108,13,110,111,16,113,22,56,57,58,91,61
66->3,9,10,140,15,17,146,23,32,33,45,71,76,79,82,83,106,109,114,116
67->128,131,12,141,145,150,27,29,44,48,52,72,81,84,97,100,120,121,126
68->1,2,3,7,136,142,15,18,23,36,50,55,58,63,69,70,77,89,91,96,103,111,116
69->1,2,3,7,136,142,15,23,36,50,55,63,68,70,77,89,96,102,103,116
70->68,69,102,103,136,135,36,77,142,15,23,55,63
71->137,10,140,12,146,27,32,42,45,54,66,76,82,83,94,98,106,114,116,118,120
72->128,97,131,67,134,141,145,29,84,150,25,121,122,123,93,126
73->133,40,108,88,90,95
74->1,3,7,140,13,14,18,149,21,32,42,47,50,60,81,89,94,96,98,106,115,116,117,119
75->6,8,14,19,150,31,37,46,47,49,60,81,92,105,107,117,119,124,125
76->32,33,66,71,9,106,10,109,45,79,15,17,146,83,114,82,23
77->34,2,68,69,102,103,136,135,70,39,36,142,20,63
78->64,130,28,147,148,85,86,51,30,26,59,124,62,31
79->33,66,9,10,76,109,45,15,17,146,114,23
80->132,38,40,11,108,143,113,88,24,61,127
81->8,14,21,150,37,42,47,48,49,60,67,74,75,92,94,98,100,105,115,117,119,120,121,126
82->137,10,140,12,146,27,32,42,45,54,66,71,76,83,94,106,114,118,120
83->137,10,140,12,146,27,32,42,45,54,66,71,76,82,94,106,114,118,120
84->128,97,131,100,67,72,44,141,48,145,29,52,150,121,93,126
85->37,8,46,78,51,124,125,31
86->130,139,78,147,148,30,26,59,28,62
87->130,133,41,139,144,112,147,148,53,26,59,28,30,95
88->132,38,40,73,43,108,11,80,113,22,90,61,127
89->1,2,3,7,13,18,149,50,55,58,63,68,69,74,91,96,101,104,111,115,116
90->133,40,73,108,113,88,95
91->129,2,1,7,138,13,16,18,22,39,43,50,55,58,61,65,68,89,96,101,104,110,111,113
92->37,6,8,105,107,75,14,47,81,49,19,117,119,60,125,31
93->37,134,72,46,145,29,84,150,121,122,123,125,25
94->137,140,12,14,149,21,27,32,42,44,47,48,54,60,71,74,81,82,83,98,106,115,116,117,120
95->133,73,108,144,87,90
96->1,3,7,13,18,149,21,50,55,58,63,68,69,74,89,91,101,104,111,115,116
97->128,131,100,67,72,44,141,12,48,145,84,52,150,120,121,27,29,126
98->3,137,140,14,18,149,21,27,32,42,47,60,71,74,81,94,106,115,116,117,119,120
99->34,132,4,38,39,11,143,20,24,127
100->128,97,131,67,44,141,12,48,81,84,52,150,120,121,27,29,126
101->129,1,7,138,13,16,18,22,43,50,55,56,58,65,89,91,96,104,110,111,113
102->33,36,69,70,103,136,9,77,15,17,23,63
103->33,68,69,70,102,136,36,9,77,15,17,23,55,63
104->129,1,6,7,138,13,16,18,19,149,22,43,50,56,57,58,60,65,89,91,96,101,105,107,110,111
105->5,6,8,13,14,19,31,37,47,49,57,60,64,75,81,92,104,107,117,119,124
106->3,137,140,12,146,149,21,32,33,42,45,54,66,71,74,76,82,83,94,98,114,115,116,118,120
107->64,5,6,104,105,75,13,110,60,47,49,16,19,14,117,119,57,92
108->129,65,56,133,40,73,138,43,80,113,22,88,90,61,95
109->33,66,9,10,76,45,79,15,17,146,114,23
110->129,6,138,13,16,19,22,35,43,56,57,58,65,91,101,104,107,111,112,113
111->129,2,1,7,138,13,16,18,22,39,43,50,55,58,61,65,68,89,91,96,101,104,110,113
112->64,35,133,6,5,139,110,144,16,19,148,53,87,56,57,26,28
113->129,65,56,58,101,40,138,43,108,11,110,111,80,22,88,90,91,61
114->32,33,66,71,106,10,76,109,45,79,146,83,82,118
115->1,3,7,140,13,14,18,149,21,32,42,47,50,60,74,81,89,94,96,98,106,116,117,119,120
116->1,3,7,140,15,146,18,149,21,23,32,33,42,45,50,55,63,66,68,69,71,74,89,94,96,98,106,115
117->3,140,13,14,18,149,21,42,47,49,60,74,75,81,92,94,98,105,107,115,119,120
118->32,71,137,106,10,12,114,83,82,54
119->6,8,14,19,21,37,42,47,49,60,74,75,81,92,98,105,107,115,117,120,125
120->131,137,140,12,14,21,27,32,42,44,47,48,52,54,67,71,81,82,83,94,97,98,100,106,115,117,119,121,126
121->128,131,8,141,145,150,27,29,37,44,48,49,67,72,81,84,93,97,100,120,125,126
122->134,72,145,25,123,93
123->37,134,72,8,46,145,29,93,150,25,122,125
124->64,37,8,105,75,78,46,51,85,125,62,31
125->37,134,8,75,46,92,49,29,51,85,150,119,121,123,124,93,25,31
126->128,97,131,100,67,72,44,141,48,145,81,84,52,150,120,121,27,29
127->99,132,38,40,11,143,80,88,24,61
128->97,131,100,67,72,44,141,48,145,84,52,150,121,27,29,126
129->65,35,101,104,138,43,108,13,110,111,16,113,22,56,58,91,61
130->41,139,78,147,148,53,86,87,30,26,59,28,62
131->128,97,67,100,72,44,141,12,48,145,84,52,150,120,121,27,29,126
132->34,99,4,38,39,40,11,143,80,88,24,61,127
133->35,73,108,144,112,87,56,90,95
134->37,72,8,46,145,29,93,150,25,122,123,125
135->34,2,36,4,70,39,136,77,142,20
136->34,2,68,69,102,103,135,70,39,36,77,142,20,55,63
137->32,98,71,106,42,140,44,12,48,82,83,52,118,54,120,27,94
138->129,65,2,101,104,43,108,13,110,111,16,113,22,56,58,91,61
139->130,41,144,112,147,148,53,86,87,26,59,28,30
140->3,7,137,146,18,149,21,32,42,45,66,71,74,82,83,94,98,106,115,116,117,120
141->128,97,131,100,67,72,44,12,48,145,84,52,150,121,27,29,126
142->34,2,68,69,70,135,136,39,38,36,4,77,20,63
143->34,99,132,4,38,39,11,80,20,24,127
144->35,133,5,139,112,53,87,56,26,95
145->128,97,131,67,134,72,141,29,84,150,25,121,122,123,93,126
146->3,9,10,140,15,17,23,32,33,45,66,71,76,79,82,83,106,109,114,116
147->130,41,139,78,148,30,86,87,26,59,28,62
148->130,41,139,78,112,147,30,53,86,87,26,59,28,62
149->1,3,7,140,13,14,18,21,32,42,47,50,55,60,74,89,94,96,98,104,106,115,116,117
150->128,131,134,8,141,145,25,29,37,46,49,67,72,75,81,84,93,97,100,121,123,125,126
